2019 4 15 14  00 21.0	31.34	103.84	20	ML	0.6	eq	四川彭州
2019 4 15 11  51 45.3	30.20	102.82	15	ML	1.2	eq	四川宝兴
2019 4 15 9 1 10 50.2	31.54	102.19	10	ML	1.9	eq	四川金川
2019 4 15 6 9 09 34.6	31.67	103.12	5	ML	1.6	eq	四川理县
2019 4 15 4 2 28 16.0	32.00	102.46	8	ML	1.5	eq	四川马尔康
2019 4 14 18  11 16.5	31.03	103.28	11	ML	0.2	eq	四川汶川
2019 4 14 17  07 24.7	31.25	103.62	3	ML	0.7	eq	四川都江堰
2019 4 14 15  54 29.2	30.08	103.03	32	ML	0.7	eq	四川雨城
2019 4 14 10  28 14.6	30.62	103.41	5	ML	0.8	eq	四川大邑
2019 4 14 5 2 02 23.2	30.35	102.94	22	ML	0.1	eq	四川芦山
2019 4 13 17  14 42.5	30.79	102.75	15	ML	0.3	eq	四川宝兴
2019 4 13 10  27 04.8	30.70	103.40	5	ML	1.0	eq	四川大邑
2019 4 13 1 4 46 09.0	30.09	103.05	13	ML	0.6	eq	四川雨城
2019 4 11 16  07 27.8	31.25	103.45	5	ML	0.5	eq	四川汶川
2019 4 11 12  52 31.7	31.56	103.34	10	ML	0.7	eq	四川理县
2019 4 11 12  21 57.0	30.01	102.39	18	ML	0.4	eq	四川天全
2019 4 10 22  28 06.9	31.58	103.98	21	ML	0.8	eq	四川绵竹
2019 4 10 22  04 32.2	31.31	103.54	13	ML	0.4	eq	四川汶川
2019 4 10 10  41 07.8	31.06	103.26	3	ML	0.7	eq	四川汶川
2019 4 10 5 5 56 25.3	31.30	103.51	4	ML	0.7	eq	四川汶川
2019 4 10 3 1 19 27.3	30.66	103.32	24	ML	1.8	eq	四川大邑
2019 4 9 20 2 28 08.9	31.36	103.19	2	ML	0.6	eq	四川理县
2019 4 9 18 - 54 57.4	31.37	103.87	6	ML	0.1	eq	四川彭州
2019 4 9 15 5 52 45.6	31.29	103.54	1	ML	0.2	eq	四川汶川
2019 4 9 14 1 18 59.4	31.01	103.39	17	ML	0.1	eq	四川汶川
2019 4 9 9 5  05 36.5	31.45	103.86	22	ML	0.7	eq	四川什邡
2019 4 9 6 58 58 09.4	31.64	103.16	15	ML	0.5	eq	四川理县
2019 4 9 4 23 23 43.6	31.31	103.79	18	ML	2.4	eq	四川彭州
2019 4 9 2 52 52 38.7	31.55	103.01	18	ML	0.6	eq	四川理县
2019 4 8 23 - 58 40.9	31.32	103.43	19	ML	1.4	eq	四川汶川
2019 4 8 13 2 25 36.9	31.01	103.45	3	ML	1.0	eq	四川汶川
2019 4 8 11 2 25 16.5	31.15	103.54	5	ML	0.4	eq	四川汶川
2019 4 8 2 30 30 29.5	31.60	104.00	19	ML	0.9	eq	四川绵竹
2019 4 8 1 54 54 19.4	31.01	103.44	13	ML	0.4	eq	四川汶川
2019 4 7 17 2 25 53.4	31.29	103.43	5	ML	1.3	eq	四川汶川
2019 4 7 17 - 37 51.5	31.15	103.54	5	ML	0.5	eq	四川汶川
2019 4 7 13 2 23 02.1	30.93	103.45	7	ML	0.4	eq	四川汶川
2019 4 7 11 3 37 34.1	30.66	103.40	3	ML	0.7	eq	四川大邑
2019 4 7 10 3 36 11.2	31.49	103.90	18	ML	0.4	eq	四川什邡
2019 4 7 7 17 17 41.7	31.33	103.59	3	ML	0.1	eq	四川都江堰
2019 4 7 2 47 47 41.1	31.35	103.78	11	ML	0.4	eq	四川彭州
2019 4 5 19 1 12 36.1	30.29	102.89	18	ML	0.2	eq	四川芦山
2019 4 4 22 0 00 13.6	31.25	103.45	3	ML	0.6	eq	四川汶川
2019 4 4 10 5 53 58.0	31.55	103.01	9	ML	0.7	eq	四川理县
2019 4 3 20 - 43 24.6	31.42	103.88	14	ML	0.2	eq	四川彭州
2019 4 2 17 - 43 22.4	30.31	102.98	24	ML	0.4	eq	四川芦山
2019 4 2 14 4 42 37.1	31.54	103.96	17	ML	0.2	eq	四川绵竹
2019 4 2 12 5 55 39.2	30.07	103.07	12	ML	1.5	eq	四川名山
2019 4 2 7 7  07 45.2	31.32	103.54	5	ML	0.6	eq	四川汶川
2019 4 2 3 55 55 40.1	31.21	103.84	23	ML	0.8	eq	四川彭州
2019 4 2 2 58 58 49.3	31.31	103.52	15	ML	2.4	eq	四川汶川
2019 3 31 9 2 26 08.7	30.11	102.70	3	ML	0.5	eq	四川天全
2019 3 31 7 5 56 39.7	30.04	102.02	8	ML	0.1	eq	四川康定
2019 3 30 24  49 14.8	30.08	102.73	3	ML	0.7	eq	四川天全
2019 3 30 21  43 25.9	31.59	102.37	16	ML	0.3	eq	四川小金
2019 3 30 3 5 53 57.0	31.30	103.84	23	ML	1.0	eq	四川彭州
2019 3 30 1 1 16 53.4	31.53	103.34	3	ML	0.4	eq	四川理县
2019 3 29 19  18 48.2	31.79	102.27	8	ML	0.1	eq	四川马尔康
2019 3 29 1 2 21 16.9	31.08	103.76	3	ML	0.1	eq	四川都江堰
2019 3 28 22  10 20.8	31.72	102.00	7	ML	0.3	eq	四川金川
2019 3 28 13  30 49.6	31.34	103.72	17	ML	0.6	eq	四川彭州
2019 3 28 7 2 02 16.2	31.39	103.82	16	ML	0.2	eq	四川彭州
2019 3 28 5 3 32 58.7	30.37	102.89	16	ML	1.0	eq	四川宝兴
2019 3 27 21  18 57.7	30.21	103.07	24	ML	0.9	eq	四川雨城
2019 3 27 20  59 07.3	31.32	103.84	22	ML	0.6	eq	四川彭州
2019 3 27 14  00 50.7	30.01	103.38	16	ML	1.2	eq	四川丹棱
2019 3 26 24  34 03.1	31.04	103.27	12	ML	1.2	eq	四川汶川
2019 3 26 8 1 14 44.6	30.32	102.96	20	ML	0.2	eq	四川芦山
2019 3 25 12  52 11.3	31.45	103.97	17	ML	0.4	eq	四川什邡
2019 3 24 24  32 45.3	31.33	103.34	11	ML	0.6	eq	四川汶川
2019 3 24 15  39 20.3	30.82	103.29	13	ML	0.8	eq	四川汶川
2019 3 24 14  55 39.0	30.14	102.73	5	ML	0.1	eq	四川天全
2019 3 24 14  42 45.7	31.48	103.15	20	ML	1.9	eq	四川理县
2019 3 24 3 8 08 20.3	30.40	102.96	18	ML	0.5	eq	四川芦山
2019 3 23 22  37 05.6	30.05	102.04	6	ML	0.5	eq	四川康定
2019 3 23 7 4 04 05.8	30.69	103.43	21	ML	0.6	eq	四川大邑
2019 3 22 19  36 46.6	31.14	103.49	5	ML	0.9	eq	四川汶川
2019 3 22 14  20 27.0	31.72	102.01	13	ML	0.4	eq	四川金川
2019 3 22 12  03 40.4	31.71	103.28	10	ML	0.2	eq	四川理县
2019 3 22 11  06 21.1	31.19	103.49	10	ML	0.3	eq	四川汶川
2019 3 22 8 1 01 51.0	31.39	103.93	5	ML	0.3	eq	四川什邡
2019 3 22 5 3 03 27.5	31.18	103.53	5	ML	0.1	eq	四川汶川
2019 3 22 4 9 09 33.0	31.18	103.53	5	ML	0.3	eq	四川汶川
2019 3 22 4 2 02 25.1	31.56	103.99	17	ML	0.7	eq	四川绵竹
2019 3 22 3 5 57 12.9	31.21	103.88	24	ML	0.7	eq	四川彭州
2019 3 22 3 5 56 42.7	31.26	103.93	11	ML	0.8	eq	四川什邡
2019 3 22 0 1 11 29.9	30.32	103.04	34	ML	2.1	eq	四川芦山
2019 3 21 13  27 49.3	31.14	102.98	14	ML	1.8	eq	四川汶川
2019 3 19 13  42 12.4	31.58	103.31	5	ML	0.9	eq	四川理县
2019 3 19 8 4 40 30.2	31.41	103.88	14	ML	0.4	eq	四川彭州
2019 3 19 4 3 30 40.5	30.32	102.97	18	ML	0.1	eq	四川芦山
2019 3 19 3 8 08 49.2	30.11	102.70	5	ML	0.5	eq	四川天全
2019 3 19 2 2 21 45.7	30.11	102.67	5	ML	0.2	eq	四川天全
2019 3 16 19  46 24.4	31.92	102.13	10	ML	0.4	eq	四川马尔康
2019 3 16 10  28 17.9	31.24	103.16	2	ML	0.6	eq	四川汶川
2019 3 15 21  13 20.8	30.12	102.02	11	ML	0.1	eq	四川康定
2019 3 15 21  38 06.5	30.05	103.05	14	ML	0.1	eq	四川雅安
2019 3 15 17  51 36.2	31.58	103.80	25	ML	0.6	eq	四川茂县
2019 3 14 17  58 22.5	30.08	103.04	11	ML	0.2	eq	四川雨城
2019 3 14 13  57 30.4	31.37	103.37	5	ML	0.7	eq	四川汶川
2019 3 14 3 5 54 51.7	31.22	103.83	23	ML	0.3	eq	四川彭州
2019 3 14 2 1 18 39.3	31.33	103.78	5	ML	0.3	eq	四川彭州
2019 3 13 22  25 39.4	31.31	103.49	5	ML	0.6	eq	四川汶川
2019 3 13 21  32 26.3	31.37	103.73	21	ML	0.3	eq	四川彭州
2019 3 13 20  38 38.2	31.58	103.98	20	ML	0.2	eq	四川绵竹
2019 3 13 14  44 53.3	30.49	102.64	10	ML	0.7	eq	四川宝兴
2019 3 12 15  34 18.5	31.25	103.47	5	ML	0.6	eq	四川汶川
2019 3 11 22  56 35.1	31.59	103.10	3	ML	0.4	eq	四川理县
2019 3 11 20  53 06.8	31.20	103.43	1	ML	0.2	eq	四川汶川
2019 3 11 14  50 21.5	31.01	103.17	12	ML	0.1	eq	四川汶川
2019 3 11 7 1 19 35.6	30.31	102.94	18	ML	1.2	eq	四川芦山
2019 3 9 19 2 23 15.5	31.47	103.14	2	ML	1.0	eq	四川理县
2019 3 9 15 1 17 28.6	31.33	103.82	21	ML	1.4	eq	四川彭州
2019 3 8 21 - 55 21.2	30.82	103.18	22	ML	0.1	eq	四川崇州
2019 3 8 17 2 20 47.6	30.77	102.07	11	ML	0.3	eq	四川小金
2019 3 7 19 9 09 13.5	30.14	103.10	28	ML	0.7	eq	四川名山
2019 3 7 9 51 51 47.7	31.44	103.32	2	ML	0.6	eq	四川理县
2019 3 7 8 32 32 57.3	31.38	103.34	2	ML	0.9	eq	四川汶川
2019 3 7 3 19 19 26.6	31.43	103.94	19	ML	1.1	eq	四川什邡
2019 3 7 0 33 33 56.2	31.27	103.61	20	ML	1.2	eq	四川都江堰
2019 3 6 20 1 11 44.8	31.45	103.93	18	ML	0.1	eq	四川什邡
2019 3 6 17 - 30 39.0	31.29	103.14	7	ML	1.1	eq	四川理县
2019 3 5 23 2 28 44.3	30.81	103.30	12	ML	0.4	eq	四川崇州
2019 3 5 22 - 31 36.5	31.27	103.33	13	ML	0.2	eq	四川汶川
2019 3 5 5 26 26 31.3	31.00	103.22	17	ML	0.5	eq	四川汶川
2019 3 5 4 12 12 09.3	31.29	103.43	16	ML	2.5	eq	四川汶川
2019 3 4 12 8 08 26.1	31.31	103.24	5	ML	0.5	eq	四川汶川
2019 3 3 22 3 02 54.7	30.05	103.14	35	ML	0.6	eq	四川名山
2019 3 3 22 - 53 04.4	31.18	103.50	10	ML	0.1	eq	四川汶川
2019 3 3 13 5 05 58.6	30.83	103.48	5	ML	1.2	eq	四川崇州
2019 3 3 12 1 16 24.1	31.59	103.09	4	ML	0.3	eq	四川理县
2019 3 3 10 2 25 41.0	31.25	103.40	15	ML	0.9	eq	四川汶川
2019 3 2 19 1 17 10.4	30.95	103.42	6	ML	0.1	eq	四川汶川
2019 3 2 3 15 15 52.6	31.33	103.59	25	ML	1.2	eq	四川都江堰
2019 3 2 2 57 57 54.8	31.33	103.61	21	ML	0.3	eq	四川都江堰
2019 3 1 4 58 58 06.9	31.01	103.34	2	ML	0.7	eq	四川汶川
2019 2 28 5 5 56 56.2	31.34	103.58	12	ML	0.7	eq	四川都江堰
2019 2 28 5 2 29 21.5	31.36	103.20	5	ML	1.0	eq	四川理县
2019 2 28 3 2 22 29.8	30.22	102.04	12	ML	0.5	eq	四川康定
2019 2 27 20  41 58.5	30.69	102.68	16	ML	1.2	eq	四川宝兴
2019 2 27 8 5 56 17.0	30.33	102.88	13	ML	0.7	eq	四川宝兴
2019 2 27 7 2 25 25.2	31.28	103.63	4	ML	0.1	eq	四川都江堰
2019 2 27 4 3 38 02.5	31.13	103.50	6	ML	0.7	eq	四川汶川
2019 2 27 1 8 08 32.7	30.83	103.23	24	ML	1.0	eq	四川崇州
2019 2 26 18  06 14.1	31.73	103.04	7	ML	0.1	eq	四川理县
2019 2 26 17  22 10.3	30.99	103.23	19	ML	0.6	eq	四川汶川
2019 2 26 15  40 57.7	30.92	102.87	19	ML	1.3	eq	四川宝兴
2019 2 26 11  36 14.0	31.21	103.56	20	ML	2.9	eq	四川汶川
2019 2 26 5 1 01 16.8	31.31	103.43	5	ML	0.2	eq	四川汶川
2019 2 25 22  24 55.9	31.06	103.28	6	ML	0.5	eq	四川汶川
2019 2 24 5 3 35 26.6	30.90	103.27	1	ML	0.4	eq	四川汶川
2019 2 23 21  55 27.2	31.49	103.20	5	ML	0.1	eq	四川理县
2019 2 23 13  57 34.1	31.78	102.26	12	ML	1.2	eq	四川马尔康
2019 2 23 13  55 03.0	31.77	102.27	12	ML	2.5	eq	四川马尔康
2019 2 22 24  47 49.2	31.16	103.64	10	ML	1.1	eq	四川都江堰
2019 2 22 18  57 45.0	31.27	103.74	13	ML	0.1	eq	四川彭州
2019 2 22 9 5 55 05.8	31.43	103.92	19	ML	0.1	eq	四川什邡
2019 2 21 22  15 08.0	31.04	103.28	12	ML	0.5	eq	四川汶川
2019 2 21 11  06 06.6	31.21	103.49	17	ML	1.3	eq	四川汶川
2019 2 21 6 5 54 53.5	30.01	102.18	12	ML	0.1	eq	四川泸定
2019 2 21 3 5 53 56.3	31.28	103.92	2	ML	0.8	eq	四川什邡
2019 2 21 1 1 13 46.3	31.80	103.17	11	ML	0.2	eq	四川茂县
2019 2 21 0 5 58 15.1	31.36	103.24	5	ML	0.2	eq	四川汶川
2019 2 20 19  23 59.5	31.68	103.14	14	ML	0.1	eq	四川理县
2019 2 20 19  39 02.4	31.66	103.12	14	ML	2.1	eq	四川理县
2019 2 20 18  21 58.5	31.67	103.13	5	ML	0.3	eq	四川理县
2019 2 20 3 3 39 33.4	31.45	103.94	5	ML	0.3	eq	四川什邡
2019 2 19 20  19 01.1	31.42	103.86	5	ML	0.1	eq	四川什邡
2019 2 18 7 3 33 18.4	31.38	103.76	5	ML	1.0	eq	四川彭州
2019 2 17 13  59 14.9	31.19	103.71	5	ML	0.3	eq	四川彭州
2019 2 16 23  55 40.6	30.58	102.59	5	ML	0.9	eq	四川宝兴
2019 2 16 6 3 36 28.0	30.36	102.94	17	ML	1.4	eq	四川芦山
2019 2 16 5 8 08 21.3	30.84	103.20	22	ML	1.0	eq	四川崇州
2019 2 16 3 5 56 22.1	31.21	103.83	25	ML	1.0	eq	四川彭州
2019 2 15 7 2 27 08.8	31.36	103.60	23	ML	0.9	eq	四川汶川
2019 2 15 6 5 52 13.5	30.94	103.35	13	ML	1.0	eq	四川汶川
2019 2 14 21  37 50.7	30.27	103.00	18	ML	0.7	eq	四川芦山
2019 2 14 12  21 35.2	31.21	103.67	15	ML	0.4	eq	四川都江堰
2019 2 14 10  21 46.5	31.43	103.86	22	ML	1.6	eq	四川什邡
2019 2 13 23  50 25.0	31.31	103.82	19	ML	1.0	eq	四川彭州
2019 2 13 19  37 26.5	31.55	102.43	14	ML	1.2	eq	四川小金
2019 2 13 12  22 59.7	31.35	103.19	15	ML	2.1	eq	四川理县
2019 2 12 16  23 03.9	31.24	103.34	2	ML	0.1	eq	四川汶川
2019 2 12 14  34 38.4	31.39	103.22	2	ML	0.3	eq	四川理县
2019 2 12 11  26 51.1	31.56	103.33	5	ML	0.5	eq	四川理县
2019 2 12 7 4 44 50.9	31.34	103.82	1	ML	0.1	eq	四川彭州
2019 2 12 1 5 55 26.3	31.64	102.31	17	ML	0.1	eq	四川小金
2019 2 11 23  05 44.8	31.01	103.43	12	ML	1.1	eq	四川汶川
2019 2 11 17  50 58.8	31.28	103.17	10	ML	0.7	eq	四川汶川
2019 2 10 23  26 00.5	31.22	103.68	14	ML	0.2	eq	四川都江堰
2019 2 10 20  22 02.5	31.20	103.57	8	ML	0.4	eq	四川汶川
2019 2 10 18  32 15.6	31.30	103.53	5	ML	0.2	eq	四川汶川
2019 2 10 15  31 50.1	31.50	103.89	23	ML	0.7	eq	四川什邡
2019 2 10 14  44 14.9	31.25	103.44	4	ML	0.7	eq	四川汶川
2019 2 10 1 3 36 36.0	31.38	103.48	13	ML	0.7	eq	四川汶川
2019 2 9 24 - 40 01.5	31.77	102.29	5	ML	1.0	eq	四川马尔康
2019 2 9 24 - 39 14.4	31.77	102.28	14	ML	1.9	eq	四川马尔康
2019 2 9 21 2 20 40.7	31.79	102.27	14	ML	0.4	eq	四川马尔康
2019 2 9 21 1 19 05.2	31.77	102.29	11	ML	2.1	eq	四川马尔康
2019 2 9 21 - 57 06.7	31.65	103.11	15	ML	1.7	eq	四川理县
2019 2 9 20 2 29 22.5	31.02	103.26	8	ML	0.8	eq	四川汶川
2019 2 9 20 - 34 13.6	31.16	103.34	13	ML	0.5	eq	四川汶川
2019 2 9 9 2  02 47.7	31.32	103.45	15	ML	0.5	eq	四川汶川
2019 2 9 0 21 21 54.0	31.24	103.69	16	ML	0.2	eq	四川都江堰
2019 2 8 16 1 11 01.6	31.25	103.44	13	ML	0.6	eq	四川汶川
2019 2 8 15 2 02 53.0	31.78	103.99	19	ML	0.8	eq	四川茂县
2019 2 8 14 4 42 44.6	31.37	103.35	5	ML	0.3	eq	四川汶川
2019 2 8 5 8  08 28.3	30.23	102.05	9	ML	0.6	eq	四川康定
2019 2 8 3 51 51 42.3	30.03	102.04	5	ML	0.2	eq	四川康定
2019 2 7 22 - 46 09.3	31.34	103.40	11	ML	0.1	eq	四川汶川
2019 2 7 5 45 45 56.6	31.61	103.99	20	ML	0.8	eq	四川绵竹
2019 2 7 2 12 12 06.9	31.94	102.31	12	ML	0.2	eq	四川马尔康
2019 2 6 13 1 13 19.6	31.34	103.21	2	ML	0.1	eq	四川汶川
2019 2 6 13 8 08 07.7	30.61	103.19	10	ML	1.1	eq	四川大邑
2019 2 6 7 32 32 49.9	32.00	103.01	7	ML	0.8	eq	四川黑水
2019 2 6 6 16 16 32.3	30.21	102.04	8	ML	0.7	eq	四川康定
2019 2 6 0 26 26 33.9	30.23	102.03	9	ML	0.7	eq	四川康定
2019 2 5 24 - 39 15.8	30.27	102.90	20	ML	0.1	eq	四川芦山
2019 2 5 22 1 12 21.4	30.33	103.00	14	ML	0.9	eq	四川芦山
2019 2 5 20 1 18 16.5	31.33	103.70	19	ML	0.2	eq	四川彭州
2019 2 5 20 - 57 21.8	31.29	103.54	4	ML	0.1	eq	四川汶川
2019 2 4 23 2 01 48.2	31.80	104.00	19	ML	1.0	eq	四川茂县
2019 2 4 19 1 15 19.8	31.31	103.43	5	ML	0.1	eq	四川汶川
2019 2 4 19 1 12 37.8	31.14	103.43	11	ML	1.3	eq	四川汶川
2019 2 4 19 1 12 16.4	31.18	103.46	5	ML	0.7	eq	四川汶川
2019 2 4 19 - 59 11.7	31.18	103.39	5	ML	0.5	eq	四川汶川
2019 2 4 19 - 49 55.1	31.17	103.43	5	ML	0.1	eq	四川汶川
2019 2 4 18 - 35 25.0	30.39	103.00	12	ML	0.3	eq	四川芦山
2019 2 4 17 - 32 16.1	31.77	102.28	10	ML	1.1	eq	四川马尔康
2019 2 4 3 23 23 30.3	31.69	103.17	6	ML	0.4	eq	四川理县
2019 2 2 14 3 38 03.0	31.35	103.73	17	ML	0.5	eq	四川彭州
2019 2 1 22 - 51 29.3	31.78	102.26	11	ML	0.8	eq	四川马尔康
2019 1 31 5 5 53 29.8	31.94	102.05	3	ML	0.1	eq	四川马尔康
2019 1 30 24  56 40.1	31.61	103.25	5	ML	0.3	eq	四川理县
2019 1 30 23  10 57.3	30.05	103.15	24	ML	0.6	eq	四川名山
2019 1 30 19  05 14.1	31.78	102.27	11	ML	0.3	eq	四川马尔康
2019 1 30 15  28 20.6	31.07	103.26	5	ML	0.1	eq	四川汶川
2019 1 30 15  26 02.2	31.04	103.29	15	ML	2.0	eq	四川汶川
2019 1 30 1 3 36 57.7	30.37	103.30	23	ML	1.2	eq	四川邛崃
2019 1 29 18  20 34.7	31.78	102.29	11	ML	1.9	eq	四川马尔康
2019 1 28 22  31 09.5	31.39	103.37	5	ML	0.1	eq	四川汶川
2019 1 28 12  33 27.2	31.08	103.36	2	ML	0.4	eq	四川汶川
2019 1 28 7 5 51 18.4	30.09	102.69	5	ML	0.4	eq	四川天全
2019 1 27 20  17 29.5	30.30	102.91	22	ML	0.3	eq	四川芦山
2019 1 27 12  41 39.9	31.03	103.90	5	ML	0.2	eq	四川彭州
2019 1 27 10  33 27.5	31.16	103.51	2	ML	0.5	eq	四川汶川
2019 1 27 9 1 17 01.9	31.25	103.87	24	ML	0.7	eq	四川彭州
2019 1 27 3 5 53 24.6	31.28	103.91	10	ML	0.4	eq	四川彭州
2019 1 27 3 5 52 37.1	31.31	103.92	5	ML	0.6	eq	四川彭州
2019 1 26 21  54 57.2	31.22	103.61	3	ML	0.2	eq	四川都江堰
2019 1 26 20  09 10.2	31.02	103.23	5	ML	0.8	eq	四川汶川
2019 1 26 19  38 05.1	31.05	103.25	14	ML	1.8	eq	四川汶川
2019 1 26 10  49 03.3	30.98	103.79	10	ML	0.2	eq	四川彭州
2019 1 26 9 1 11 10.9	31.17	103.55	5	ML	0.3	eq	四川汶川
2019 1 26 8 2 02 45.3	31.51	103.17	5	ML	1.1	eq	四川理县
2019 1 25 22  40 01.8	30.38	103.06	21	ML	0.5	eq	四川芦山
2019 1 25 18  13 03.2	31.02	103.19	5	ML	0.7	eq	四川汶川
2019 1 24 3 1 11 22.4	30.41	103.02	3	ML	0.5	eq	四川芦山
2019 1 23 21  29 29.3	30.96	103.32	15	ML	0.3	eq	四川汶川
2019 1 23 21  20 30.5	31.29	103.53	14	ML	0.9	eq	四川汶川
2019 1 23 7 5 52 47.0	31.27	103.98	8	ML	1.0	eq	四川什邡
2019 1 22 23  01 23.1	31.47	103.15	8	ML	0.2	eq	四川理县
2019 1 22 15  03 42.6	30.00	103.10	41	ML	1.7	eq	四川雨城
2019 1 22 10  39 47.6	31.31	103.51	13	ML	0.5	eq	四川汶川
2019 1 21 16  01 05.4	31.31	103.43	4	ML	0.5	eq	四川汶川
2019 1 21 13  32 15.0	31.04	103.21	5	ML	0.6	eq	四川汶川
2019 1 21 0 3 35 30.7	31.83	103.06	3	ML	1.1	eq	四川茂县
2019 1 20 10  53 16.3	31.12	103.46	9	ML	0.3	eq	四川汶川
2019 1 20 8 2 27 33.2	30.86	103.15	2	ML	0.7	eq	四川汶川
2019 1 20 4 6 06 20.7	31.22	103.85	24	ML	0.8	eq	四川彭州
2019 1 20 0 4 47 37.1	30.79	103.25	25	ML	0.5	eq	四川崇州
2019 1 20 0 3 35 49.6	30.83	103.22	25	ML	3.5	eq	四川崇州
2019 1 17 12  27 08.2	31.68	103.13	11	ML	1.2	eq	四川理县
2019 1 17 3 5 54 08.4	31.20	103.79	24	ML	0.9	eq	四川彭州
2019 1 17 0 4 44 25.4	30.38	103.32	7	ML	1.1	eq	四川邛崃
2019 1 16 14  11 52.4	31.29	103.56	6	ML	0.2	eq	四川汶川
2019 1 16 12  30 19.3	31.23	103.50	5	ML	0.9	eq	四川汶川
2019 1 15 24  55 48.4	31.59	103.95	19	ML	0.3	eq	四川绵竹
2019 1 15 21  20 24.6	31.77	102.26	5	ML	0.1	eq	四川马尔康
2019 1 15 21  50 09.4	31.66	103.17	5	ML	0.3	eq	四川理县
2019 1 15 4 3 36 10.0	30.99	103.19	22	ML	2.0	eq	四川汶川
2019 1 15 1 2 21 07.1	31.67	103.14	9	ML	1.0	eq	四川理县
2019 1 15 0 2 26 56.8	30.41	102.85	13	ML	0.6	eq	四川宝兴
2019 1 14 7 5 55 26.6	30.75	102.98	5	ML	0.8	eq	四川芦山
2019 1 14 5 1 15 24.5	30.94	103.25	13	ML	0.3	eq	四川汶川
2019 1 14 5 1 14 38.2	31.14	103.53	6	ML	0.3	eq	四川汶川
2019 1 14 4 2 22 17.6	30.40	102.98	14	ML	1.0	eq	四川芦山
2019 1 13 22  11 55.0	30.01	102.43	22	ML	0.3	eq	四川天全
2019 1 13 22  46 09.8	31.02	103.41	5	ML	0.1	eq	四川汶川
2019 1 13 11  53 00.9	31.67	103.12	8	ML	0.8	eq	四川理县
2019 1 13 11  41 45.5	31.67	103.12	8	ML	0.6	eq	四川理县
2019 1 13 8 3 37 55.5	31.77	102.27	8	ML	0.9	eq	四川马尔康
2019 1 12 16  17 19.9	31.27	103.45	8	ML	0.2	eq	四川汶川
2019 1 12 14  44 32.7	31.67	103.13	14	ML	1.3	eq	四川理县
2019 1 12 13  26 18.2	31.04	103.00	5	ML	0.4	eq	四川汶川
2019 1 12 7 4 49 12.3	31.67	103.12	20	ML	2.7	eq	四川理县
2019 1 12 4 4 44 26.3	31.67	103.14	15	ML	2.0	eq	四川理县
2019 1 12 4 4 44 02.0	31.67	103.14	15	ML	1.0	eq	四川理县
2019 1 11 23  12 19.0	31.21	103.50	4	ML	0.9	eq	四川汶川
2019 1 11 23  54 46.5	30.80	103.39	14	ML	0.4	eq	四川崇州
2019 1 11 22  01 03.0	30.35	102.97	18	ML	0.6	eq	四川芦山
2019 1 11 15  04 29.1	31.77	102.27	8	ML	0.6	eq	四川马尔康
2019 1 11 14  52 15.6	31.79	102.29	15	ML	0.3	eq	四川马尔康
2019 1 11 11  52 31.7	31.77	102.27	9	ML	1.1	eq	四川马尔康
2019 1 11 10  40 14.2	31.77	102.28	5	ML	0.7	eq	四川马尔康
2019 1 11 9 4 49 50.4	31.77	102.28	14	ML	3.9	eq	四川马尔康
2019 1 11 8 4 44 44.0	31.77	102.27	14	ML	0.9	eq	四川马尔康
2019 1 11 6 5 56 52.0	30.27	102.95	19	ML	2.1	eq	四川芦山
2019 1 11 4 7 07 39.2	31.11	103.34	14	ML	1.2	eq	四川汶川
2019 1 10 13  09 57.8	31.69	103.17	2	ML	0.4	eq	四川理县
2019 1 10 10  28 05.2	31.66	103.11	13	ML	0.3	eq	四川理县
2019 1 10 9 1 19 38.3	30.02	102.66	6	ML	0.5	eq	四川天全
2019 1 10 7 2 23 44.4	31.48	103.97	19	ML	2.3	eq	四川绵竹
2019 1 10 5 8 08 48.8	31.22	103.47	5	ML	0.6	eq	四川汶川
2019 1 10 3 2 29 11.5	31.67	103.13	2	ML	0.8	eq	四川理县
2019 1 9 23 - 46 47.5	31.34	103.16	5	ML	0.8	eq	四川理县
2019 1 9 22 4 04 24.6	31.30	103.47	7	ML	0.6	eq	四川汶川
2019 1 9 20 - 55 15.8	31.66	103.11	11	ML	1.8	eq	四川理县
2019 1 9 6 27 27 50.9	31.33	103.77	5	ML	0.3	eq	四川彭州
2019 1 8 22 - 34 03.2	31.30	103.68	18	ML	1.0	eq	四川都江堰
2019 1 7 13 4 48 35.4	31.96	102.75	14	ML	1.1	eq	四川黑水
2019 1 7 8 23 23 11.5	30.07	102.72	4	ML	0.8	eq	四川天全
2019 1 6 11 8 08 54.5	31.28	103.57	1	ML	0.2	eq	四川汶川
2019 1 6 7 32 32 28.2	31.54	103.99	15	ML	0.2	eq	四川绵竹
2019 1 5 18 4 04 12.5	31.17	103.45	18	ML	1.3	eq	四川汶川
2019 1 5 16 1 16 46.2	31.69	103.20	7	ML	0.5	eq	四川理县
2019 1 4 23 - 41 59.4	30.22	102.03	3	ML	0.5	eq	四川康定
2019 1 4 4 20 20 33.1	31.02	103.31	2	ML	0.8	eq	四川汶川
2019 1 4 1 30 30 23.4	31.44	103.91	15	ML	0.2	eq	四川什邡
2019 1 3 18 2 21 28.4	31.70	103.18	13	ML	0.5	eq	四川理县
2019 1 3 18 1 18 56.0	31.91	103.63	5	ML	0.5	eq	四川茂县
2019 1 3 16 1 15 27.2	31.60	103.18	22	ML	0.4	eq	四川理县
2019 1 3 6 30 30 10.5	30.81	103.39	8	ML	1.0	eq	四川崇州
2019 1 2 21 2 23 57.4	31.23	103.45	5	ML	0.6	eq	四川汶川
2019 1 2 11 2 23 23.9	31.02	103.33	21	ML	2.0	eq	四川汶川
2019 1 2 7 22 22 45.9	30.17	103.04	27	ML	1.1	eq	四川雅安
2019 1 2 2 57 57 47.0	31.07	103.38	11	ML	0.2	eq	四川汶川
2019 1 1 19 1 01 07.5	31.32	103.45	15	ML	1.3	eq	四川汶川
2019 1 1 12 5 52 14.5	30.21	102.03	13	ML	0.2	eq	四川康定
2019 1 1 2 2  02 07.9	31.29	103.48	5	ML	0.3	eq	四川汶川
2018 12 31 15 34 04.3	30.19	102.92	19	ML	0.3	eq	四川芦山
2018 12 31 9  15 17.2	31.49	103.91	20	ML	1.1	eq	四川什邡
2018 12 30 13 16 09.7	31.25	103.52	9	ML	1.4	eq	四川汶川
2018 12 30 9  55 12.6	31.34	103.16	5	ML	0.3	eq	四川理县
2018 12 30 7  49 26.8	31.37	103.80	5	ML	0.4	eq	四川彭州
2018 12 29 11 52 55.8	31.53	104.00	18	ML	1.5	eq	四川绵竹
2018 12 28 13 06 56.4	30.99	103.39	13	ML	1.0	eq	四川汶川
2018 12 28 5  42 51.3	31.27	103.45	5	ML	0.6	eq	四川汶川
2018 12 28 1  46 35.6	31.55	103.32	1	ML	0.3	eq	四川理县
2018 12 26 22 57 37.1	30.23	102.88	14	ML	0.5	eq	四川芦山
2018 12 26 22 53 30.0	30.22	102.88	15	ML	0.5	eq	四川芦山
2018 12 26 22 50 59.7	30.23	102.88	16	ML	1.2	eq	四川宝兴
2018 12 26 22 34 58.7	30.23	102.87	13	ML	1.8	eq	四川芦山
2018 12 26 3  41 38.0	31.36	103.17	9	ML	1.2	eq	四川理县
2018 12 26 1  21 01.8	31.31	103.50	13	ML	1.6	eq	四川汶川
2018 12 25 21 10 00.1	30.92	103.37	19	ML	0.4	eq	四川汶川
2018 12 25 17 27 03.1	31.30	103.47	4	ML	0.1	eq	四川汶川
2018 12 25 7  01 36.6	30.71	102.08	7	ML	0.4	eq	四川小金
2018 12 24 9  41 53.0	31.35	103.40	11	ML	0.1	eq	四川汶川
2018 12 24 4  38 31.6	31.39	103.46	16	ML	0.3	eq	四川汶川
2018 12 24 1  41 57.5	31.70	103.20	5	ML	0.4	eq	四川理县
2018 12 23 18 02 16.0	31.33	103.47	16	ML	2.0	eq	四川汶川
2018 12 23 17 14 28.8	31.06	103.32	2	ML	1.2	eq	四川汶川
2018 12 23 16 07 45.8	30.97	103.11	24	ML	1.2	eq	四川汶川
2018 12 23 6  25 48.6	31.28	103.58	12	ML	0.3	eq	四川都江堰
2018 12 23 5  30 01.7	31.94	103.62	5	ML	1.3	eq	四川茂县
2018 12 22 22 14 40.2	31.43	103.98	7	ML	0.1	eq	四川什邡
2018 12 22 20 10 33.8	31.59	103.99	19	ML	0.9	eq	四川绵竹
2018 12 22 13 29 17.1	31.28	103.54	5	ML	0.6	eq	四川汶川
2018 12 22 13 20 35.4	31.27	103.54	5	ML	0.5	eq	四川汶川
2018 12 22 11 46 53.3	30.13	102.00	6	ML	0.1	eq	四川康定
2018 12 22 8  41 51.1	31.38	103.37	5	ML	0.6	eq	四川汶川
2018 12 21 22 22 04.0	30.18	102.09	8	ML	0.4	eq	四川康定
2018 12 21 19 52 12.6	31.42	103.83	21	ML	1.5	eq	四川什邡
2018 12 21 18 47 47.0	30.04	103.15	27	ML	0.4	eq	四川名山
2018 12 21 13 27 48.0	31.26	103.47	5	ML	0.3	eq	四川汶川
2018 12 20 23 21 15.1	30.01	102.43	20	ML	0.8	eq	四川天全
2018 12 20 12 42 36.3	30.27	102.98	18	ML	0.4	eq	四川芦山
2018 12 20 5  40 10.8	31.00	103.37	2	ML	0.5	eq	四川汶川
2018 12 20 2  24 20.4	30.25	103.02	27	ML	0.8	eq	四川芦山
2018 12 19 21 57 14.7	31.21	103.60	11	ML	0.4	eq	四川都江堰
2018 12 19 19 26 31.6	31.69	103.17	9	ML	0.5	eq	四川理县
2018 12 19 16 22 40.9	31.69	103.17	13	ML	1.0	eq	四川理县
2018 12 18 15 05 06.8	30.03	103.14	23	ML	1.9	eq	四川名山
2018 12 18 14 24 35.6	30.04	103.15	26	ML	0.9	eq	四川名山
2018 12 17 14 21 42.5	31.32	103.44	14	ML	1.4	eq	四川汶川
2018 12 17 10 19 32.0	30.69	102.07	10	ML	0.2	eq	四川小金
2018 12 16 19 23 26.2	31.33	103.46	5	ML	0.6	eq	四川汶川
2018 12 15 21 21 38.3	30.92	103.20	15	ML	1.5	eq	四川汶川
2018 12 15 17 37 55.4	31.95	103.51	2	ML	0.2	eq	四川茂县
2018 12 15 7  25 31.3	31.05	103.18	5	ML	1.5	eq	四川汶川
2018 12 15 1  16 53.1	31.54	103.99	14	ML	0.2	eq	四川绵竹
2018 12 15 0  55 56.6	31.25	103.59	7	ML	1.2	eq	四川都江堰
2018 12 15 0  55 29.7	31.25	103.54	12	ML	1.8	eq	四川汶川
2018 12 14 17 48 01.2	31.68	103.18	2	ML	0.9	eq	四川理县
2018 12 14 7  12 09.5	31.28	103.55	8	ML	0.8	eq	四川汶川
2018 12 14 3  57 03.6	31.60	103.97	19	ML	2.2	eq	四川绵竹
2018 12 14 3  34 30.1	31.26	103.54	9	ML	1.3	eq	四川汶川
2018 12 12 21 23 28.4	31.18	103.48	14	ML	1.6	eq	四川汶川
2018 12 12 19 06 54.1	31.31	103.59	16	ML	1.5	eq	四川都江堰
2018 12 12 0  05 08.6	31.32	103.60	15	ML	0.9	eq	四川都江堰
2018 12 12 0  04 38.0	31.32	103.63	18	ML	0.5	eq	四川都江堰
2018 12 11 24 31 17.1	31.31	103.60	16	ML	1.5	eq	四川都江堰
2018 12 11 15 05 20.4	31.28	103.69	15	ML	0.8	eq	四川都江堰
2018 12 11 11 00 25.6	30.20	102.86	19	ML	1.0	eq	四川天全
2018 12 11 7  55 23.4	30.14	102.62	5	ML	0.4	eq	四川天全
2018 12 11 4  48 38.2	31.17	103.50	5	ML	0.7	eq	四川汶川
2018 12 10 12 24 30.5	30.03	102.01	5	ML	0.2	eq	四川康定
2018 12 10 6  24 39.1	30.30	102.85	12	ML	0.9	eq	四川宝兴
2018 12 10 3  51 45.9	31.07	103.83	2	ML	0.5	eq	四川彭州
2018 12 10 3  15 40.0	30.83	103.33	18	ML	2.5	eq	四川崇州
2018 12 10 0  52 35.4	31.35	103.22	5	ML	0.6	eq	四川汶川
2018 12 9 23  14 09.3	31.68	103.91	14	ML	0.6	eq	四川茂县
2018 12 9 18  19 45.7	31.31	103.37	2	ML	0.1	eq	四川汶川
2018 12 7 24  47 16.1	31.98	102.75	14	ML	0.1	eq	四川黑水
2018 12 7 24  43 16.6	31.31	103.45	5	ML	0.2	eq	四川汶川
2018 12 7 23  56 21.2	30.62	103.40	23	ML	1.6	eq	四川大邑
2018 12 7 21  03 20.8	31.30	103.39	6	ML	1.1	eq	四川汶川
2018 12 7 9 3 34 56.9	30.17	102.91	9	ML	0.9	eq	四川芦山
2018 12 7 5 3 31 53.1	31.39	103.57	10	ML	0.2	eq	四川汶川
2018 12 5 19  16 19.5	31.50	103.17	9	ML	0.3	eq	四川理县
2018 12 5 19  11 44.2	31.27	103.43	5	ML	0.3	eq	四川汶川
2018 12 5 7 2 25 18.4	31.01	103.45	11	ML	0.7	eq	四川汶川
2018 12 4 21  44 26.8	30.18	102.92	18	ML	0.5	eq	四川芦山
2018 12 4 21  31 55.6	30.18	102.93	18	ML	1.4	eq	四川芦山
2018 12 4 10  33 50.6	30.03	102.04	3	ML	0.2	eq	四川康定
2018 12 3 23  33 45.0	30.62	103.40	20	ML	0.8	eq	四川大邑
2018 12 2 19  21 41.5	31.66	103.75	11	ML	0.4	eq	四川茂县
2018 12 2 19  55 07.9	30.03	102.02	5	ML	0.6	eq	四川康定
2018 12 2 17  35 33.6	30.77	102.71	16	ML	0.1	eq	四川宝兴
2018 12 2 10  46 06.8	30.71	102.08	6	ML	0.8	eq	四川小金
2018 12 1 20  08 33.5	30.71	102.08	14	ML	2.5	eq	四川小金
2018 12 1 17  08 19.5	31.59	103.40	8	ML	0.6	eq	四川理县
2018 12 1 8 4 48 42.7	30.65	102.82	11	ML	1.5	eq	四川宝兴
2018 12 1 4 3 30 31.8	30.98	103.43	9	ML	1.2	eq	四川汶川
2018 12 0 17  16 16.7	31.32	103.83	18	ML	0.9	eq	四川彭州
2018 11 30 10 12 19.6	31.33	103.46	13	ML	1.6	eq	四川汶川
2018 11 29 19 25 57.9	30.02	103.33	3	ML	0.3	eq	四川丹棱
2018 11 29 17 10 09.3	31.14	103.60	8	ML	1.0	eq	四川都江堰
2018 11 29 7  36 39.9	31.31	103.12	5	ML	1.5	eq	四川理县
2018 11 29 0  12 20.9	31.27	103.58	19	ML	1.1	eq	四川都江堰
2018 11 28 24 32 45.6	30.41	102.77	8	ML	0.9	eq	四川宝兴
2018 11 28 23 02 13.3	31.36	103.35	2	ML	0.3	eq	四川汶川
2018 11 28 16 24 02.6	30.42	102.78	5	ML	0.2	eq	四川宝兴
2018 11 28 14 05 51.0	31.03	103.20	5	ML	0.4	eq	四川汶川
2018 11 28 13 20 00.9	31.03	103.35	1	ML	0.3	eq	四川汶川
2018 11 28 7  01 52.7	31.13	103.62	8	ML	1.0	eq	四川都江堰
2018 11 27 23 15 41.3	30.94	103.43	5	ML	0.4	eq	四川汶川
2018 11 27 23 58 08.9	31.22	103.51	19	ML	2.0	eq	四川汶川
2018 11 27 20 11 43.4	31.16	103.43	20	ML	1.3	eq	四川汶川
2018 11 27 15 40 13.4	31.31	103.14	12	ML	0.5	eq	四川理县
2018 11 27 13 25 42.8	31.22	103.49	8	ML	0.4	eq	四川汶川
2018 11 27 11 54 36.5	31.42	103.95	12	ML	0.3	eq	四川什邡
2018 11 27 10 44 13.1	31.16	103.46	19	ML	1.5	eq	四川汶川
2018 11 27 2  21 09.4	31.81	103.98	14	ML	0.8	eq	四川茂县
2018 11 27 0  53 57.2	31.39	103.93	10	ML	0.5	eq	四川什邡
2018 11 26 23 23 44.8	30.24	103.29	5	ML	0.1	eq	四川名山
2018 11 26 20 32 57.9	31.22	103.51	18	ML	1.7	eq	四川汶川
2018 11 26 15 20 04.7	31.93	102.72	16	ML	1.2	eq	四川黑水
2018 11 26 7  34 25.2	30.33	103.07	16	ML	0.6	eq	四川芦山
2018 11 26 4  34 57.1	31.61	103.97	24	ML	0.9	eq	四川绵竹
2018 11 26 2  11 52.5	30.96	103.28	2	ML	0.7	eq	四川汶川
2018 11 25 22 47 57.2	30.04	102.04	8	ML	0.5	eq	四川康定
2018 11 25 22 39 00.3	31.18	103.57	6	ML	0.6	eq	四川汶川
2018 11 25 14 40 34.6	31.29	103.74	16	ML	0.6	eq	四川彭州
2018 11 25 3  01 00.6	30.03	102.03	6	ML	0.9	eq	四川康定
2018 11 25 1  38 40.2	30.04	102.02	1	ML	0.2	eq	四川康定
2018 11 24 15 08 31.7	30.84	103.48	7	ML	1.0	eq	四川崇州
2018 11 24 14 02 33.4	31.35	103.34	3	ML	0.3	eq	四川汶川
2018 11 24 9  17 15.2	31.37	103.35	11	ML	2.0	eq	四川汶川
2018 11 23 15 00 07.1	30.98	103.79	11	ML	0.1	eq	四川彭州
2018 11 23 14 23 41.4	31.26	103.58	3	ML	0.5	eq	四川都江堰
2018 11 23 10 12 07.6	31.04	103.35	8	ML	0.4	eq	四川汶川
2018 11 23 8  59 03.7	31.61	103.11	8	ML	0.6	eq	四川理县
2018 11 23 4  06 19.9	31.13	103.41	8	ML	0.6	eq	四川汶川
2018 11 23 4  01 11.5	31.02	103.32	8	ML	0.1	eq	四川汶川
2018 11 22 23 32 37.5	31.24	103.73	8	ML	0.1	eq	四川彭州
2018 11 21 3  52 38.4	31.15	103.55	9	ML	0.7	eq	四川汶川
2018 11 20 17 14 06.3	31.40	103.33	10	ML	0.6	eq	四川汶川
2018 11 19 22 14 13.8	31.38	103.85	2	ML	0.3	eq	四川彭州
2018 11 19 22 45 22.1	31.25	103.46	1	ML	0.2	eq	四川汶川
2018 11 19 17 43 27.2	31.83	102.42	13	ML	0.9	eq	四川马尔康
2018 11 19 8  46 26.0	30.01	102.66	3	ML	0.2	eq	四川天全
2018 11 19 5  23 10.1	30.09	102.00	4	ML	0.3	eq	四川康定
2018 11 18 20 25 13.9	31.28	103.32	5	ML	0.9	eq	四川汶川					